85 110
1 0.00000000000000e+00 2.00000000000000e+02 0.00000000000000e+00
2 0.00000000000000e+00 1.50000000000000e+02 0.00000000000000e+00
3 0.00000000000000e+00 1.45995234055922e+02 -3.44295168853199e+01
4 0.00000000000000e+00 1.35654944167199e+02 -6.40135620239511e+01
5 0.00000000000000e+00 1.19153994409576e+02 -9.11170983747981e+01
6 0.00000000000000e+00 9.71231586550082e+01 -1.14311381991795e+02
7 0.00000000000000e+00 7.12700781268557e+01 -1.31987029528632e+02
8 0.00000000000000e+00 4.17906584929826e+01 -1.44060892898534e+02
9 0.00000000000000e+00 1.19992877509350e+01 -1.49519286693959e+02
10 0.00000000000000e+00 -1.82812913105773e+01 -1.48881813489821e+02
11 0.00000000000000e+00 -4.88401251055239e+01 -1.41826098372890e+02
12 0.00000000000000e+00 -7.75630083856444e+01 -1.28389951827113e+02
13 0.00000000000000e+00 -1.01937135272384e+02 -1.10040085661815e+02
14 0.00000000000000e+00 -1.21964408776501e+02 -8.73194307803168e+01
15 0.00000000000000e+00 -1.37750423885902e+02 -5.93702005997488e+01
16 0.00000000000000e+00 -1.47017498551898e+02 -2.97633183556988e+01
17 0.00000000000000e+00 -1.49989416920849e+02 1.78180014138881e+00
18 0.00000000000000e+00 -1.46108852215131e+02 3.39441203211539e+01
19 0.00000000000000e+00 -1.36293846030973e+02 6.26417395518791e+01
20 0.00000000000000e+00 -1.20212948785317e+02 8.97153662665360e+01
21 0.00000000000000e+00 -9.95499125973947e+01 1.12204344398294e+02
22 0.00000000000000e+00 -7.49805846035217e+01 1.29915018117668e+02
23 0.00000000000000e+00 -4.62221431814288e+01 1.42700783038200e+02
24 0.00000000000000e+00 -1.66136609899235e+01 1.49077115173698e+02
25 0.00000000000000e+00 1.36721565271571e+01 1.49375607566620e+02
26 0.00000000000000e+00 4.34005632863848e+01 1.43584090714900e+02
27 0.00000000000000e+00 7.29483743805471e+01 1.31066909154201e+02
28 0.00000000000000e+00 9.81531712377542e+01 1.13428193038469e+02
29 0.00000000000000e+00 1.20643842135308e+02 8.91350848702741e+01
30 0.00000000000000e+00 1.36299207911328e+02 6.26300720320877e+01
31 0.00000000000000e+00 1.46561628881176e+02 3.19325686360583e+01
32 0.00000000000000e+00 1.95389164983950e+02 -4.26974730736483e+01
33 0.00000000000000e+00 1.82174096303259e+02 -8.25384676141421e+01
34 0.00000000000000e+00 1.61033740697532e+02 -1.18609166412044e+02
35 0.00000000000000e+00 1.31808289600871e+02 -1.50421324261199e+02
36 0.00000000000000e+00 9.68273996647413e+01 -1.74998441919248e+02
37 0.00000000000000e+00 5.74477168600843e+01 -1.91571813760698e+02
38 0.00000000000000e+00 1.33108246074234e+01 -1.99556563280365e+02
39 0.00000000000000e+00 -2.78693042980149e+01 -1.98048736118019e+02
40 0.00000000000000e+00 -6.83132924791270e+01 -1.87971524627166e+02
41 0.00000000000000e+00 -1.06751358117786e+02 -1.69127607267436e+02
42 0.00000000000000e+00 -1.37577228774280e+02 -1.45163721786090e+02
43 0.00000000000000e+00 -1.64724029294969e+02 -1.13428365821033e+02
44 0.00000000000000e+00 -1.84621551426199e+02 -7.69082749057828e+01
45 0.00000000000000e+00 -1.96752899161164e+02 -3.58928498684199e+01
46 0.00000000000000e+00 -1.99828486717208e+02 8.28105647310186e+00
47 0.00000000000000e+00 -1.94057682927636e+02 4.83902438179144e+01
48 0.00000000000000e+00 -1.80236535428055e+02 8.66878959076260e+01
49 0.00000000000000e+00 -1.58055863851782e+02 1.22549352923901e+02
50 0.00000000000000e+00 -1.29962101584679e+02 1.52019249280127e+02
51 0.00000000000000e+00 -9.58418006656118e+01 1.75540164193763e+02
52 0.00000000000000e+00 -5.68838555850777e+01 1.91739998366997e+02
53 0.00000000000000e+00 -1.87085840223365e+01 1.99123049604708e+02
54 0.00000000000000e+00 2.34946575805811e+01 1.98615208544490e+02
55 0.00000000000000e+00 6.27088675567733e+01 1.89914712251966e+02
56 0.00000000000000e+00 1.01650141126627e+02 1.72241832343182e+02
57 0.00000000000000e+00 1.36379331159710e+02 1.46289705832058e+02
58 0.00000000000000e+00 1.63515733973243e+02 1.15163382822803e+02
59 0.00000000000000e+00 1.83748029295812e+02 7.89725378211031e+01
60 0.00000000000000e+00 1.95894877279798e+02 4.03137328404706e+01
61 0.00000000000000e+00 1.73520092337045e+02 1.24814702790953e+01
62 0.00000000000000e+00 2.98934395982153e+01 1.70569937272372e+02
63 0.00000000000000e+00 -1.21069182824276e+00 1.74174586539676e+02
64 0.00000000000000e+00 -3.42499982628939e+01 1.70452303429207e+02
65 0.00000000000000e+00 -1.00630926188836e+02 1.41111203298990e+02
66 0.00000000000000e+00 -1.48871568610185e+02 8.98972446249886e+01
67 0.00000000000000e+00 -1.71863632011902e+02 2.22567123004164e+01
68 0.00000000000000e+00 -1.65955594912174e+02 -5.10300398044201e+01
69 0.00000000000000e+00 -1.51765579681989e+02 -8.33861868304082e+01
70 0.00000000000000e+00 -1.30900036551789e+02 -1.13651259988644e+02
71 0.00000000000000e+00 -1.05448374866112e+02 -1.37374300521478e+02
72 0.00000000000000e+00 -4.05020179375624e+01 -1.68515857758347e+02
73 0.00000000000000e+00 6.64865177614430e+01 -1.60011646330170e+02
74 0.00000000000000e+00 9.92572779882648e+01 -1.42242214211530e+02
75 0.00000000000000e+00 1.48541286152200e+02 -8.90527359074874e+01
76 0.00000000000000e+00 1.64213969135320e+02 -5.55730913331110e+01
77 0.00000000000000e+00 1.72093574865073e+02 -2.13899145847431e+01
78 0.00000000000000e+00 -6.86143532415834e+01 1.59875112659785e+02
79 0.00000000000000e+00 -1.27001481261744e+02 1.19186802298459e+02
80 0.00000000000000e+00 -1.63740986949011e+02 5.83365168060889e+01
81 0.00000000000000e+00 -1.72680496759895e+02 -1.36093445653629e+01
82 0.00000000000000e+00 -7.43985033977493e+01 -1.56532479881860e+02
83 0.00000000000000e+00 3.20705761171133e+01 -1.70978963970085e+02
84 0.00000000000000e+00 -5.90189480756088e+00 -1.73999761825626e+02
85 0.00000000000000e+00 1.26222157270790e+02 -1.18408056829615e+02
1 203 2 31 61 
2 203 31 30 59 
3 203 29 28 57 
4 203 26 25 62 
5 203 25 24 63 
6 203 24 23 64 
7 203 22 21 65 
8 203 20 19 66 
9 203 18 17 67 
10 203 16 15 68 
11 203 15 14 69 
12 203 14 13 70 
13 203 13 12 71 
14 203 11 10 72 
15 203 8 7 73 
16 203 7 6 74 
17 203 5 4 75 
18 203 4 3 76 
19 203 3 2 77 
20 203 2 61 77 
21 203 1 32 77 
22 203 32 33 76 
23 203 33 34 75 
24 203 35 36 74 
25 203 36 37 73 
26 203 39 40 72 
27 203 41 42 71 
28 203 42 43 70 
29 203 43 44 69 
30 203 44 45 68 
31 203 46 47 67 
32 203 48 49 66 
33 203 50 51 65 
34 203 52 53 64 
35 203 53 54 63 
36 203 54 55 62 
37 203 55 56 27 
38 203 56 57 28 
39 203 57 58 29 
40 203 58 59 30 
41 203 60 1 61 
42 203 31 59 60 
43 203 58 30 29 
44 203 28 27 56 
45 203 27 26 55 
46 203 25 63 62 
47 203 24 64 63 
48 203 22 65 78 
49 203 23 22 78 
50 203 65 51 78 
51 203 20 66 79 
52 203 21 20 79 
53 203 66 49 79 
54 203 18 67 80 
55 203 19 18 80 
56 203 67 47 80 
57 203 16 68 81 
58 203 17 16 81 
59 203 68 45 81 
60 203 15 69 68 
61 203 14 70 69 
62 203 13 71 70 
63 203 11 72 82 
64 203 12 11 82 
65 203 72 40 82 
66 203 8 73 83 
67 203 9 8 83 
68 203 73 37 83 
69 203 10 9 84 
70 203 84 9 83 
71 203 7 74 73 
72 203 5 75 85 
73 203 6 5 85 
74 203 75 34 85 
75 203 4 76 75 
76 203 3 77 76 
77 203 77 32 76 
78 203 33 75 76 
79 203 35 74 85 
80 203 34 35 85 
81 203 36 73 74 
82 203 37 38 83 
83 203 38 39 84 
84 203 41 71 82 
85 203 40 41 82 
86 203 42 70 71 
87 203 43 69 70 
88 203 44 68 69 
89 203 46 67 81 
90 203 45 46 81 
91 203 48 66 80 
92 203 47 48 80 
93 203 50 65 79 
94 203 49 50 79 
95 203 52 64 78 
96 203 51 52 78 
97 203 53 63 64 
98 203 38 84 83 
99 203 84 39 72 
100 203 55 26 62 
101 203 61 1 77 
102 203 31 60 61 
103 203 23 78 64 
104 203 65 21 79 
105 203 66 19 80 
106 203 67 17 81 
107 203 12 82 71 
108 203 72 10 84 
109 203 6 85 74 
110 203 63 54 62 
