84 136
1 1.00000000000000e+02 1.50000000000000e+02 0.00000000000000e+00
2 1.00000000000000e+02 1.46107816132764e+02 -3.39485797186628e+01
3 1.00000000000000e+02 1.36034529739254e+02 -6.32029011883158e+01
4 1.00000000000000e+02 1.19910410252958e+02 -9.01193292971446e+01
5 1.00000000000000e+02 9.84805236411382e+01 -1.13144096016395e+02
6 1.00000000000000e+02 7.32311674247417e+01 -1.30909113959302e+02
7 1.00000000000000e+02 4.41897432928433e+01 -1.43343177681090e+02
8 1.00000000000000e+02 1.49089968692508e+01 -1.49257233701930e+02
9 1.00000000000000e+02 -1.49630326058760e+01 -1.49251826304523e+02
10 1.00000000000000e+02 -4.65361289188698e+01 -1.42598698119044e+02
11 1.00000000000000e+02 -7.49334946131601e+01 -1.29942184778691e+02
12 1.00000000000000e+02 -9.95596599362264e+01 -1.12195695609872e+02
13 1.00000000000000e+02 -1.21838161988635e+02 -8.74954986455363e+01
14 1.00000000000000e+02 -1.37693739185857e+02 -5.95015477867352e+01
15 1.00000000000000e+02 -1.46962186447775e+02 -3.00352418749968e+01
16 1.00000000000000e+02 -1.49995803192108e+02 1.12206272302482e+00
17 1.00000000000000e+02 -1.46701109280246e+02 3.12855323743324e+01
18 1.00000000000000e+02 -1.37078400485529e+02 6.09057642619240e+01
19 1.00000000000000e+02 -1.21271818563288e+02 8.82787971279234e+01
20 1.00000000000000e+02 -9.96986118038247e+01 1.12072239222701e+02
21 1.00000000000000e+02 -7.55136990380984e+01 1.29605868916433e+02
22 1.00000000000000e+02 -4.72043686546646e+01 1.42378887409315e+02
23 1.00000000000000e+02 -1.80549241070414e+01 1.48909434608721e+02
24 1.00000000000000e+02 1.22554907858993e+01 1.49498504827295e+02
25 1.00000000000000e+02 4.48102333484502e+01 1.43150420842055e+02
26 1.00000000000000e+02 7.30023645091365e+01 1.31036845108829e+02
27 1.00000000000000e+02 9.78645223129218e+01 1.13677329632885e+02
28 1.00000000000000e+02 1.20524586488286e+02 8.92962712089803e+01
29 1.00000000000000e+02 1.35829310198318e+02 6.36427410711484e+01
30 1.00000000000000e+02 1.46239332826206e+02 3.33775004238825e+01
31 1.00000000000000e+02 1.17146524420771e+02 -1.18652441807558e+01
32 1.00000000000000e+02 1.03322754059500e+02 -6.25874624519270e+01
33 1.00000000000000e+02 6.93002976804127e+01 -1.00438713268052e+02
34 1.00000000000000e+02 2.55445682054578e+01 -1.22352718706711e+02
35 1.00000000000000e+02 -2.23727256118264e+01 -1.19515522407089e+02
36 1.00000000000000e+02 -7.47134687780435e+01 -1.03362135738494e+02
37 1.00000000000000e+02 -1.06777547012331e+02 -5.93720020407206e+01
38 1.00000000000000e+02 -1.22452041120109e+02 -1.29650867708475e+01
39 1.00000000000000e+02 -1.21514341200144e+02 3.96627481942764e+01
40 1.00000000000000e+02 -9.02608642162851e+01 8.26791902270393e+01
41 1.00000000000000e+02 -4.61370648657667e+01 1.13411636569613e+02
42 1.00000000000000e+02 -1.46015517523205e+01 1.24007953435057e+02
43 1.00000000000000e+02 2.08690084641396e+01 1.07361628516676e+02
44 1.00000000000000e+02 6.03349160134238e+01 1.06089444578438e+02
45 1.00000000000000e+02 8.62721845677228e+01 7.98380112886093e+01
46 1.00000000000000e+02 1.12372869781836e+02 5.38790749159263e+01
47 1.00000000000000e+02 1.14519486479734e+02 2.14862147566880e+01
48 1.00000000000000e+02 1.18330855142918e+02 -4.04475055092189e+01
49 1.00000000000000e+02 9.10946399753570e+01 -8.65719888818108e+01
50 1.00000000000000e+02 4.96040502422609e+01 -1.18040687951401e+02
51 1.00000000000000e+02 1.58859967496774e+00 -1.27996344576090e+02
52 1.00000000000000e+02 -4.94064314542912e+01 -1.11393617281649e+02
53 1.00000000000000e+02 -9.00678764300055e+01 -8.22145158865725e+01
54 1.00000000000000e+02 -1.22517153975762e+02 -3.91759347922111e+01
55 1.00000000000000e+02 -1.21580989293532e+02 1.49612590745776e+01
56 1.00000000000000e+02 -1.06371864030160e+02 6.06689292479525e+01
57 1.00000000000000e+02 -7.37253932658586e+01 1.05008106496946e+02
58 1.00000000000000e+02 8.65987141383764e+01 -3.29846915761695e+01
59 1.00000000000000e+02 5.32480164532956e+00 -9.98035085482407e+01
60 1.00000000000000e+02 -2.36274679031701e+01 -8.44508061036104e+01
61 1.00000000000000e+02 -5.69903963293661e+01 -7.96434384655932e+01
62 1.00000000000000e+02 -7.48304242935993e+01 -5.33537371572437e+01
63 1.00000000000000e+02 -9.58976830382651e+01 -3.08867724624404e+01
64 1.00000000000000e+02 -9.46006041745144e+01 3.15272747364363e+01
65 1.00000000000000e+02 -5.42795778309509e+01 8.10203269947714e+01
66 1.00000000000000e+02 3.78613356574197e+01 -9.18126719672973e+01
67 1.00000000000000e+02 4.89208858819243e+01 7.01996720881737e+01
68 1.00000000000000e+02 -1.74385186451492e+01 8.99697766609412e+01
69 1.00000000000000e+02 7.91562791521973e+01 4.20476222349115e+01
70 1.00000000000000e+02 6.35053580440194e+01 -6.43337724668513e+01
71 1.00000000000000e+02 7.97428498462442e+01 4.09407315726526e+00
72 1.00000000000000e+02 -9.19624650138401e+01 6.00903439632050e-01
73 1.00000000000000e+02 -7.25998811421345e+01 5.30370981985574e+01
74 1.00000000000000e+02 9.01015300747878e+00 6.13974873624570e+01
75 1.00000000000000e+02 1.50292552138124e+01 -6.01785573838967e+01
76 1.00000000000000e+02 -3.11445346305961e+01 -4.69442341899386e+01
77 1.00000000000000e+02 -6.37304710808346e+01 -2.01802250360912e+01
78 1.00000000000000e+02 -5.71727045142988e+01 2.02694159094802e+01
79 1.00000000000000e+02 -3.35229055420440e+01 5.25069688699573e+01
80 1.00000000000000e+02 3.82383989722687e+01 2.39052115308791e+01
81 1.00000000000000e+02 4.77617301709296e+01 -2.49457011600503e+01
82 1.00000000000000e+02 -3.03894846536977e+01 -8.01025191981991e+00
83 1.00000000000000e+02 5.32606401325119e+00 -1.66192121304404e+01
84 1.00000000000000e+02 -1.06141959802112e+01 2.26400740252349e+01
1 203 83 76 82 
2 203 82 84 83 
3 203 80 83 84 
4 203 82 78 84 
5 203 70 66 75 
6 203 74 80 84 
7 203 78 79 84 
8 203 79 74 84 
9 203 75 76 83 
10 203 80 81 83 
11 203 1 2 31 
12 203 3 4 32 
13 203 5 6 33 
14 203 7 8 34 
15 203 9 10 35 
16 203 11 12 36 
17 203 13 14 37 
18 203 15 16 38 
19 203 17 18 39 
20 203 19 20 40 
21 203 21 22 41 
22 203 22 23 42 
23 203 41 22 42 
24 203 23 24 42 
25 203 24 25 43 
26 203 25 26 44 
27 203 43 25 44 
28 203 26 27 44 
29 203 27 28 45 
30 203 28 29 46 
31 203 45 28 46 
32 203 29 30 46 
33 203 30 1 47 
34 203 1 31 47 
35 203 2 3 48 
36 203 4 5 49 
37 203 6 7 50 
38 203 8 9 51 
39 203 10 11 52 
40 203 12 13 53 
41 203 14 15 54 
42 203 16 17 55 
43 203 18 19 56 
44 203 20 21 57 
45 203 44 27 45 
46 203 24 43 42 
47 203 46 30 47 
48 203 49 5 33 
49 203 48 3 32 
50 203 2 48 31 
51 203 32 4 49 
52 203 33 6 50 
53 203 34 8 51 
54 203 35 10 52 
55 203 36 12 53 
56 203 37 14 54 
57 203 38 16 55 
58 203 39 18 56 
59 203 40 20 57 
60 203 50 7 34 
61 203 51 9 35 
62 203 52 11 36 
63 203 53 13 37 
64 203 54 15 38 
65 203 55 17 39 
66 203 56 19 40 
67 203 57 21 41 
68 203 31 48 58 
69 203 33 50 66 
70 203 48 32 58 
71 203 34 51 59 
72 203 51 35 59 
73 203 35 52 60 
74 203 52 36 61 
75 203 60 52 61 
76 203 36 53 61 
77 203 53 37 62 
78 203 37 54 63 
79 203 62 37 63 
80 203 54 38 63 
81 203 55 39 64 
82 203 39 56 64 
83 203 40 57 65 
84 203 57 41 65 
85 203 50 34 66 
86 203 81 75 83 
87 203 34 59 66 
88 203 44 45 67 
89 203 41 42 68 
90 203 43 44 67 
91 203 42 43 68 
92 203 45 46 69 
93 203 49 33 70 
94 203 33 66 70 
95 203 32 49 70 
96 203 47 31 71 
97 203 31 58 71 
98 203 46 47 69 
99 203 32 70 58 
100 203 35 60 59 
101 203 53 62 61 
102 203 38 55 72 
103 203 63 38 72 
104 203 55 64 72 
105 203 64 56 73 
106 203 56 40 73 
107 203 65 41 68 
108 203 45 69 67 
109 203 69 47 71 
110 203 68 43 74 
111 203 43 67 74 
112 203 73 40 65 
113 203 59 60 75 
114 203 60 61 76 
115 203 61 62 76 
116 203 62 63 77 
117 203 63 72 77 
118 203 64 73 78 
119 203 65 68 79 
120 203 73 65 79 
121 203 68 74 79 
122 203 67 69 80 
123 203 74 67 80 
124 203 69 71 80 
125 203 58 70 81 
126 203 71 58 81 
127 203 60 76 75 
128 203 62 77 76 
129 203 72 64 78 
130 203 78 73 79 
131 203 81 70 75 
132 203 80 71 81 
133 203 59 75 66 
134 203 77 72 78 
135 203 76 77 82 
136 203 77 78 82 
