448 836
1 5.00000000000000e+02 2.00000000000000e+02 0.00000000000000e+00
2 0.00000000000000e+00 2.00000000000000e+02 0.00000000000000e+00
3 5.00000000000000e+02 1.95885256025536e+02 -4.03604567839632e+01
4 5.00000000000000e+02 1.83531523023479e+02 -7.94743987500526e+01
5 5.00000000000000e+02 1.64255227322676e+02 -1.14106179925437e+02
6 5.00000000000000e+02 1.35828692509137e+02 -1.46801111342041e+02
7 5.00000000000000e+02 1.02036439174839e+02 -1.72013270071002e+02
8 5.00000000000000e+02 6.38502090484501e+01 -1.89534036005329e+02
9 5.00000000000000e+02 2.35810288342631e+01 -1.98604972443083e+02
10 5.00000000000000e+02 -1.68544899617310e+01 -1.99288550017631e+02
11 5.00000000000000e+02 -6.12657917426550e+01 -1.90385143228524e+02
12 5.00000000000000e+02 -9.82692979263687e+01 -1.74192838788105e+02
13 5.00000000000000e+02 -1.32583506721828e+02 -1.49738484516650e+02
14 5.00000000000000e+02 -1.61228861489060e+02 -1.18343796723536e+02
15 5.00000000000000e+02 -1.82572048477481e+02 -8.16544372017610e+01
16 5.00000000000000e+02 -1.95839804873311e+02 -4.05804241868365e+01
17 5.00000000000000e+02 -1.99994939461038e+02 -1.42274030514025e+00
18 5.00000000000000e+02 -1.95595034586331e+02 4.17442504444867e+01
19 5.00000000000000e+02 -1.83053479476791e+02 8.05693716708784e+01
20 5.00000000000000e+02 -1.61586776088149e+02 1.17854629919399e+02
21 5.00000000000000e+02 -1.34696439225345e+02 1.47840688783612e+02
22 5.00000000000000e+02 -1.02587815596041e+02 1.71685002522738e+02
23 5.00000000000000e+02 -6.38284380759031e+01 1.89541368816390e+02
24 5.00000000000000e+02 -2.28607772179251e+01 1.98689166450998e+02
25 5.00000000000000e+02 2.23111860158503e+01 1.98751631385924e+02
26 5.00000000000000e+02 6.17183538694843e+01 1.90238915040118e+02
27 5.00000000000000e+02 9.95493677814125e+01 1.73464472945676e+02
28 5.00000000000000e+02 1.33688185529077e+02 1.48753047195488e+02
29 5.00000000000000e+02 1.61360214765114e+02 1.18164635534310e+02
30 5.00000000000000e+02 1.81942361740647e+02 8.30480403395261e+01
31 5.00000000000000e+02 1.95293129367504e+02 4.31345988951706e+01
32 0.00000000000000e+00 1.95389164983950e+02 -4.26974730736483e+01
33 0.00000000000000e+00 1.82174096303259e+02 -8.25384676141421e+01
34 0.00000000000000e+00 1.61033740697532e+02 -1.18609166412044e+02
35 0.00000000000000e+00 1.31808289600871e+02 -1.50421324261199e+02
36 0.00000000000000e+00 9.68273996647413e+01 -1.74998441919248e+02
37 0.00000000000000e+00 5.74477168600843e+01 -1.91571813760698e+02
38 0.00000000000000e+00 1.33108246074234e+01 -1.99556563280365e+02
39 0.00000000000000e+00 -2.78693042980149e+01 -1.98048736118019e+02
40 0.00000000000000e+00 -6.83132924791270e+01 -1.87971524627166e+02
41 0.00000000000000e+00 -1.06751358117786e+02 -1.69127607267436e+02
42 0.00000000000000e+00 -1.37577228774280e+02 -1.45163721786090e+02
43 0.00000000000000e+00 -1.64724029294969e+02 -1.13428365821033e+02
44 0.00000000000000e+00 -1.84621551426199e+02 -7.69082749057828e+01
45 0.00000000000000e+00 -1.96752899161164e+02 -3.58928498684199e+01
46 0.00000000000000e+00 -1.99828486717208e+02 8.28105647310186e+00
47 0.00000000000000e+00 -1.94057682927636e+02 4.83902438179144e+01
48 0.00000000000000e+00 -1.80236535428055e+02 8.66878959076260e+01
49 0.00000000000000e+00 -1.58055863851782e+02 1.22549352923901e+02
50 0.00000000000000e+00 -1.29962101584679e+02 1.52019249280127e+02
51 0.00000000000000e+00 -9.58418006656118e+01 1.75540164193763e+02
52 0.00000000000000e+00 -5.68838555850777e+01 1.91739998366997e+02
53 0.00000000000000e+00 -1.87085840223365e+01 1.99123049604708e+02
54 0.00000000000000e+00 2.34946575805811e+01 1.98615208544490e+02
55 0.00000000000000e+00 6.27088675567733e+01 1.89914712251966e+02
56 0.00000000000000e+00 1.01650141126627e+02 1.72241832343182e+02
57 0.00000000000000e+00 1.36379331159710e+02 1.46289705832058e+02
58 0.00000000000000e+00 1.63515733973243e+02 1.15163382822803e+02
59 0.00000000000000e+00 1.83748029295812e+02 7.89725378211031e+01
60 0.00000000000000e+00 1.95894877279798e+02 4.03137328404706e+01
61 3.99720187536824e+01 2.00000000000000e+02 0.00000000000000e+00
62 8.19461675974520e+01 2.00000000000000e+02 0.00000000000000e+00
63 1.24126703279476e+02 2.00000000000000e+02 0.00000000000000e+00
64 1.67073269842147e+02 2.00000000000000e+02 0.00000000000000e+00
65 2.09437203493884e+02 2.00000000000000e+02 0.00000000000000e+00
66 2.50191294209170e+02 2.00000000000000e+02 0.00000000000000e+00
67 2.93044962866099e+02 2.00000000000000e+02 0.00000000000000e+00
68 3.35852317576618e+02 2.00000000000000e+02 0.00000000000000e+00
69 3.76999335373902e+02 2.00000000000000e+02 0.00000000000000e+00
70 4.20055963122631e+02 2.00000000000000e+02 0.00000000000000e+00
71 4.60027981516316e+02 2.00000000000000e+02 0.00000000000000e+00
72 3.40792524348670e+01 1.87755681580908e+02 -6.89043107075936e+01
73 3.46844454124865e+01 1.71639453474321e+02 -1.02664005430512e+02
74 3.43065356178860e+01 1.47609366314541e+02 -1.34949898022265e+02
75 3.54186261125965e+01 1.16313677675007e+02 -1.62699503335795e+02
76 3.62506276389311e+01 7.81485200031651e+01 -1.84099996798791e+02
77 3.58664361677592e+01 3.74032300720251e+01 -1.96471367838113e+02
78 3.51940815410289e+01 -5.18414022448788e+00 -1.99932800435879e+02
79 3.55870015791318e+01 -4.78228728368583e+01 -1.94198282262305e+02
80 3.54193946792488e+01 -8.63716554552490e+01 -1.80388295446018e+02
81 3.47290238371135e+01 -1.22180202288378e+02 -1.58341397520582e+02
82 3.49135715418099e+01 -1.52328465912767e+02 -1.29599531143686e+02
83 3.49399485933596e+01 -1.75922305929614e+02 -9.51385425388015e+01
84 3.50483206413294e+01 -1.91869020158580e+02 -5.64471354754746e+01
85 3.54181693403886e+01 -1.99426005726061e+02 -1.51416062605319e+01
86 3.49845802119562e+01 -1.98132232880597e+02 2.72693654812321e+01
87 3.51781723768593e+01 -1.88318449758438e+02 6.73510317707049e+01
88 3.53327421543872e+01 -1.70159206443331e+02 1.05099212473623e+02
89 3.48947719500477e+01 -1.45359269975624e+02 1.37370603231381e+02
90 3.49624335813091e+01 -1.13410583130896e+02 1.64736272975657e+02
91 3.46318191153211e+01 -7.79145368890811e+01 1.84199144789980e+02
92 3.50700703399231e+01 -3.77314798198361e+01 1.96408593067119e+02
93 3.51741196865364e+01 2.47425277723011e+00 1.99984694597348e+02
94 3.46692811867806e+01 4.28342474414057e+01 1.95359226160754e+02
95 3.38201960615087e+01 8.24130290204730e+01 1.82230877316855e+02
96 3.30370979317567e+01 1.17422000847890e+02 1.61901432102617e+02
97 3.23024657587915e+01 1.47136782476936e+02 1.35465003754972e+02
98 3.29811756336099e+01 1.70932185997185e+02 1.03837314055323e+02
99 3.51559413625764e+01 1.87201458006914e+02 7.03961229052109e+01
100 3.75062791135543e+01 1.96788130155588e+02 3.56991852829626e+01
101 4.62690231415482e+02 1.92035849070577e+02 -5.58769422189730e+01
102 4.60370898406962e+02 1.50786207390558e+02 -1.31390713753947e+02
103 4.62825697967786e+02 8.23000227664151e+01 -1.82281941652616e+02
104 4.63470091503370e+02 1.21768115556235e+00 -1.99996293097156e+02
105 4.63353268069641e+02 -8.07676398566389e+01 -1.82966085250760e+02
106 4.62917014990962e+02 -1.48494749324515e+02 -1.33975032834665e+02
107 4.63641891626576e+02 -1.90358860163497e+02 -6.13474070947923e+01
108 4.62992761138136e+02 -1.98868937418474e+02 2.12401913844277e+01
109 4.63120863814403e+02 -1.72960986091391e+02 1.00421597728247e+02
110 4.63621064050126e+02 -1.17987276646642e+02 1.61489945660740e+02
111 4.63152687446051e+02 -4.22730986099448e+01 1.95481418896820e+02
112 4.63390045798106e+02 4.21007730130135e+01 1.95518605027007e+02
113 4.63568645276772e+02 1.18003677411065e+02 1.61477961708294e+02
114 4.57867453551657e+02 1.75121966259600e+02 9.66038142796203e+01
115 5.65297302983252e+01 1.96420140553198e+02 -3.76713204581668e+01
116 1.44245878126052e+02 1.95981858171795e+02 -3.98887360984332e+01
117 2.29111526394632e+02 1.96607290969524e+02 -3.66820547083285e+01
118 3.14053133921427e+02 1.96711044760980e+02 -3.61215291625905e+01
119 3.96384396584175e+02 1.96978411908228e+02 -3.46338742001567e+01
120 7.77079958084162e+01 1.97331981368437e+02 3.25590099543413e+01
121 1.18760719862836e+02 1.97462175752087e+02 3.17598669274886e+01
122 1.60451727874898e+02 1.97411960062943e+02 3.20705164303138e+01
123 2.02384432588298e+02 1.97573951408679e+02 3.10569432617097e+01
124 2.43485561522371e+02 1.97736734606134e+02 3.00030629653596e+01
125 2.84985545991755e+02 1.97909338517216e+02 2.88425679799459e+01
126 3.27059736795180e+02 1.97871198800788e+02 2.91030700294470e+01
127 3.72329483570910e+02 1.97296297309718e+02 3.27745490872930e+01
128 4.18392322265087e+02 1.97385133643740e+02 3.22352139196055e+01
129 4.56979132194393e+02 1.92127473699846e+02 5.55610821503232e+01
130 4.63113773609174e+02 4.33955417867778e+01 -1.95235311747214e+02
131 4.59490553983055e+02 1.75353996622088e+02 -9.61819934741462e+01
132 4.61769082458269e+02 1.18915380393046e+02 -1.60807749520902e+02
133 4.63471721366415e+02 -4.00534276186818e+01 -1.95948265968329e+02
134 4.63602702060055e+02 -1.16862065775711e+02 -1.62306061447604e+02
135 4.63630825608977e+02 -1.73237744610046e+02 -9.99434031961316e+01
136 4.63564929337426e+02 -1.98893028826984e+02 -2.10134024857552e+01
137 4.62994237578750e+02 -1.90175767544822e+02 6.19126597614575e+01
138 4.62911786132061e+02 -1.48833316418483e+02 1.33598817075137e+02
139 4.63606572459630e+02 -8.20177796788351e+01 1.82409111111682e+02
140 4.63972903590414e+02 -2.00368481617560e-01 1.99999899631154e+02
141 4.63095444880669e+02 8.13806586845640e+01 1.82694248382554e+02
142 4.61523796768347e+02 1.49886455144104e+02 1.32416202046179e+02
143 1.00340258661456e+02 1.95661682911609e+02 -4.14307354532452e+01
144 1.87574364321593e+02 1.96332676680338e+02 -3.81245336697216e+01
145 2.71994737613669e+02 1.96703695183844e+02 -3.61615306786286e+01
146 3.54888377254138e+02 1.97089778439786e+02 -3.39944000470085e+01
147 4.32419910976655e+02 1.97044392335121e+02 -3.42564949941280e+01
148 4.26526662904530e+02 -9.97646821354625e+01 -1.73340728619705e+02
149 4.09827270274735e+02 1.86454671640509e+02 7.23509186080582e+01
150 6.52488934389098e+01 1.61083233231692e+02 -1.18541941824927e+02
151 7.05789733342824e+01 1.34876252775485e+02 -1.47676661789341e+02
152 7.20075924380016e+01 9.99484313401486e+01 -1.73234843702540e+02
153 7.13129724077407e+01 5.95840824801076e+01 -1.90918142445928e+02
154 7.11475529562397e+01 1.69988295063250e+01 -1.99276290098483e+02
155 7.12151258110106e+01 -2.58862589829223e+01 -1.98317678475392e+02
156 7.03945887305506e+01 -6.66250217511656e+01 -1.88576526844294e+02
157 7.07550951285646e+01 -1.04680693826043e+02 -1.70416995455554e+02
158 7.05789467927546e+01 -1.37605694594058e+02 -1.45136738337634e+02
159 7.04011567393877e+01 -1.65128367742799e+02 -1.12838921328587e+02
160 6.98408406652738e+01 -1.84867594626221e+02 -7.63149556582150e+01
161 7.04121876423579e+01 -1.96766371113606e+02 -3.58189223565222e+01
162 7.05977359403546e+01 -1.99934584635499e+02 5.11486721534051e+00
163 7.09873810099745e+01 -1.94391941493006e+02 4.70294916257863e+01
164 7.10211719553221e+01 -1.80559957996920e+02 8.60122175516398e+01
165 7.02902118157956e+01 -1.58812402721752e+02 1.21567350640474e+02
166 7.03884120625166e+01 -1.30569887448385e+02 1.51497539556641e+02
167 6.97211267578901e+01 -9.66148140022042e+01 1.75115897951384e+02
168 7.06597293456030e+01 -5.85562357986883e+01 1.91235894248670e+02
169 7.00511669656637e+01 -1.79631769648067e+01 1.99191677219032e+02
170 6.93453242826905e+01 2.29255593221545e+01 1.98681702050708e+02
171 6.96421425309067e+01 6.31660156054183e+01 1.89763153621919e+02
172 6.81007322619153e+01 9.98717830585045e+01 1.73279043593607e+02
173 6.65025270707366e+01 1.31214583192112e+02 1.50939501647913e+02
174 6.53131137654880e+01 1.56610911733068e+02 1.24390603849878e+02
175 6.76874045858035e+01 1.76457940959451e+02 9.41413568648279e+01
176 7.29957741205030e+01 1.89384889176821e+02 6.42912416389906e+01
177 4.26785978727085e+02 -6.14237053399485e+01 1.90334254463854e+02
178 4.17957073781959e+02 1.62960984132075e+02 -1.15947046752842e+02
179 4.25964689754322e+02 -6.16916921569028e+01 -1.90247562714527e+02
180 4.26389850916058e+02 2.05363876836913e+01 -1.98942848026525e+02
181 4.17829447965987e+02 1.85736481718238e+02 -7.41751936898770e+01
182 7.59875704931494e+01 1.82325863133667e+02 -8.22026741205133e+01
183 4.27429956869655e+02 -1.62125068876075e+02 -1.17113031050895e+02
184 4.25297215453437e+02 9.93143714196216e+01 -1.73599123354715e+02
185 4.27252805279017e+02 -1.95746353514328e+02 -4.10288323724159e+01
186 4.26998388186852e+02 -1.95478967355289e+02 4.22844335625980e+01
187 4.27448072900847e+02 -1.83069612408825e+02 -8.05327077185563e+01
188 4.26729422102975e+02 -1.61182978406856e+02 1.18406281386989e+02
189 4.26108665655677e+02 -2.02385467154606e+01 -1.98973368134648e+02
190 4.26111001652434e+02 -9.95250390352348e+01 1.73478432679786e+02
191 4.26744492131465e+02 -1.82450898269643e+02 8.19247808700164e+01
192 4.26756613405117e+02 -1.33777170081646e+02 1.48673026352955e+02
193 4.27382981330602e+02 6.27005970973937e+01 1.89917442915679e+02
194 4.26678729605250e+02 1.34819524965259e+02 1.47728452534175e+02
195 1.66351565754149e+02 1.85684381347409e+02 -7.43055214881761e+01
196 3.74776068419636e+02 1.89071662071688e+02 -6.52066453779783e+01
197 4.26666965630114e+02 -1.99994343891037e+02 1.50413150804672e+00
198 1.21957590686122e+02 1.83802880683470e+02 -7.88447909024945e+01
199 2.93795452176899e+02 1.86988499178304e+02 -7.09598560810638e+01
200 2.49998501033267e+02 1.86682290079642e+02 -7.17615675039243e+01
201 3.35908952017051e+02 1.87200064650435e+02 -7.03998280883764e+01
202 2.08679496416722e+02 1.86493699747674e+02 -7.22502591997036e+01
203 4.26959527045382e+02 -1.34417685924983e+02 -1.48094178516823e+02
204 4.27064580740362e+02 2.15771469840776e+01 1.98832660114045e+02
205 4.26316089238873e+02 6.16370861891002e+01 -1.90265261164821e+02
206 1.13339182396025e+02 1.90071991563973e+02 6.22305232414531e+01
207 1.54908513471604e+02 1.89773770464425e+02 6.31341115698614e+01
208 1.95466892706295e+02 1.89986762085909e+02 6.24902410950071e+01
209 2.36456135093395e+02 1.90672703651098e+02 6.03648911403024e+01
210 2.76887726669815e+02 1.91602482899831e+02 5.73453445941348e+01
211 3.16487080335398e+02 1.91894834690517e+02 5.63593152823845e+01
212 3.60798644804097e+02 1.90012281184288e+02 6.24126028871009e+01
213 4.21835263551523e+02 1.34415801215046e+02 -1.48095889151986e+02
214 4.26687532338078e+02 1.00488810896525e+02 1.72921944485373e+02
215 4.27163346881215e+02 -2.06912351907586e+01 1.98926802583967e+02
216 4.22311404051794e+02 1.63737071232828e+02 1.14848471927561e+02
217 1.07148158508648e+02 1.20815195797108e+02 -1.59385345827358e+02
218 1.03926851386935e+02 8.23343144166558e+01 1.82266455140652e+02
219 1.06392394262955e+02 -4.14164602849138e+00 -1.99957112322054e+02
220 1.05933525660484e+02 -4.63642776209812e+01 -1.94551673754518e+02
221 1.06010274973863e+02 -8.58935304347906e+01 -1.80616448391191e+02
222 1.05924632129999e+02 -1.21370382670107e+02 -1.58962983774562e+02
223 1.05619300743994e+02 -1.52334926891040e+02 -1.29591936666992e+02
224 1.05540531903068e+02 -1.75810889411540e+02 -9.53442770402247e+01
225 1.05773504293240e+02 -1.91866814110826e+02 -5.64546334941771e+01
226 1.05421900121150e+02 -1.99353967589441e+02 -1.60622416352176e+01
227 1.05252842362539e+02 -1.98289666413197e+02 2.60999653973558e+01
228 1.05319525538357e+02 -1.88577664909482e+02 6.66218004656670e+01
229 1.05520596571429e+02 -1.70916671446586e+02 1.03862849092541e+02
230 1.05398807903095e+02 -1.45786105818324e+02 1.36917534853387e+02
231 1.05156015617903e+02 -1.14878231674434e+02 1.63716193112823e+02
232 1.04983592809694e+02 -7.80575072646199e+01 1.84138604207900e+02
233 1.05157282213911e+02 -3.89416785411019e+01 1.96172234713278e+02
234 1.05081395387401e+02 2.46009984052191e+00 1.99984869199584e+02
235 1.04986747403570e+02 4.40259492206354e+01 1.95094120350209e+02
236 3.90009947254372e+02 -8.08280010102389e+01 1.82939427824318e+02
237 9.91805641803931e+01 1.44049297604170e+02 1.38743647997828e+02
238 9.53881580211999e+01 1.64288215564540e+02 1.14058678874601e+02
239 1.06483507694925e+02 1.78416538498987e+02 9.03744365959731e+01
240 1.01081634848312e+02 1.16084047846692e+02 1.62863420802607e+02
241 3.89672734702401e+02 7.79190270043444e+01 -1.84197245448178e+02
242 1.08391451035835e+02 8.20132415643370e+01 -1.82411151545375e+02
243 3.67543378855208e+02 1.71768988460979e+02 -1.02447130770422e+02
244 3.90563259900197e+02 -4.12014365880117e+01 1.95710095863969e+02
245 3.93074280123312e+02 1.47674375272868e+02 1.34878756250820e+02
246 3.89995815054697e+02 1.19513553427362e+02 1.60363682132724e+02
247 2.71203577200131e+02 1.70793399673650e+02 -1.04065434357027e+02
248 3.90537331929633e+02 4.28092911240750e+01 1.95364696384619e+02
249 1.05382059244443e+02 1.58511664193377e+02 -1.21959223983454e+02
250 1.47800920041250e+02 1.76674636089264e+02 9.37340544451488e+01
251 1.88958273571838e+02 1.76794954976823e+02 9.35069189672248e+01
252 2.30235546569686e+02 1.78338788001891e+02 9.05277675302802e+01
253 2.69051984470200e+02 1.80734037105913e+02 8.56458278691872e+01
254 3.06134020850401e+02 1.82028744352301e+02 8.28585314226885e+01
255 3.40369336062551e+02 1.81507608405906e+02 8.39939765147968e+01
256 3.91029479515338e+02 -1.90765808155812e+02 -6.00700128072229e+01
257 3.90992348025026e+02 1.64456331913105e+00 1.99993238414426e+02
258 3.90809778204026e+02 8.35998114930614e+01 1.81689492041572e+02
259 3.90039859396252e+02 -8.15971192518531e+01 -1.82597672848804e+02
260 3.91515778182022e+02 -1.74261454913194e+02 -9.81475691575533e+01
261 3.86944593223748e+02 1.13881564583292e+02 -1.64411037488550e+02
262 1.08141404887290e+02 3.93432043528599e+01 -1.96092101501435e+02
263 3.90474774481867e+02 -1.18361913053768e+02 -1.61215562332711e+02
264 2.28933696657730e+02 1.70479505077724e+02 -1.04578861862493e+02
265 3.90004821859045e+02 -1.48127780253535e+02 1.34380656037841e+02
266 3.75029342414758e+02 1.71118765106989e+02 1.03529552439191e+02
267 3.89736515750182e+02 -1.67755705068962e+00 -1.99992964382104e+02
268 3.90331091347193e+02 -1.72311548063415e+02 1.01531918153797e+02
269 3.90469867443157e+02 -1.89706410103509e+02 6.33362294870747e+01
270 3.90850505896951e+02 -1.49241937128616e+02 -1.33142195423157e+02
271 3.89513697486512e+02 -4.21353854656655e+01 -1.95511148765639e+02
272 3.90006665493828e+02 3.99696945303595e+01 -1.95965363059776e+02
273 3.15849141855358e+02 1.71471734948870e+02 -1.02943888180040e+02
274 1.89178576213445e+02 1.70324877810938e+02 -1.04830510819556e+02
275 3.79917431863643e+02 1.45411041748508e+02 -1.37315800029034e+02
276 3.90729928158943e+02 -1.99089776288795e+02 -1.90594065300485e+01
277 3.90967931156845e+02 -1.98717822162255e+02 2.26103329274571e+01
278 3.89633972344692e+02 -1.16445983950217e+02 1.62604836403674e+02
279 1.48439421447878e+02 1.67070394956396e+02 -1.09943090410966e+02
280 3.54777512430013e+02 9.16363168377530e+01 -1.77771722825682e+02
281 1.40370026910627e+02 6.44290574677600e+01 1.89338048352190e+02
282 3.53627408769882e+02 -6.30534444487021e+01 -1.89800587836694e+02
283 1.41094178341530e+02 -6.62541117369027e+01 -1.88707161172951e+02
284 1.40996791945673e+02 -1.04640210550526e+02 -1.70441856173716e+02
285 1.41280785139605e+02 -1.37247894645062e+02 -1.45475136760541e+02
286 1.40876880767465e+02 -1.64736302005732e+02 -1.13410540962806e+02
287 1.40459808438055e+02 -1.84840552544124e+02 -7.63804303155141e+01
288 1.40103747031265e+02 -1.96639070080254e+02 -3.65113149307603e+01
289 1.41010559418170e+02 -1.99934974058296e+02 5.09962236922235e+00
290 1.41194957633105e+02 -1.94615177160272e+02 4.60969935991051e+01
291 1.40608915731242e+02 -1.80783088354520e+02 8.55422408228922e+01
292 1.40214455216488e+02 -1.59504589018121e+02 1.20657722845080e+02
293 1.40384865595386e+02 -1.31207296025966e+02 1.50945836211386e+02
294 1.40751045413753e+02 -9.73296060660144e+01 1.74719626210207e+02
295 1.40194003289548e+02 -5.88761575099958e+01 1.91137641705809e+02
296 1.40968382390028e+02 -1.82484221437708e+01 1.99165747781246e+02
297 1.41115239974449e+02 2.34950671624726e+01 1.98615160093662e+02
298 1.45894280690307e+02 6.16731075064986e+01 -1.90253588167193e+02
299 3.52404182535598e+02 1.41892267601281e+02 1.40948871563296e+02
300 1.41620439046025e+02 1.38853333011467e+02 -1.43943571970431e+02
301 3.53526316246313e+02 1.74073055223775e+01 -1.99241024175371e+02
302 3.54110274569714e+02 5.71290910102867e+01 -1.91667073229437e+02
303 1.36013407849206e+02 1.57435862495830e+02 1.23344838563250e+02
304 1.80570588593943e+02 1.57377380322289e+02 1.23419448074012e+02
305 2.24011938854106e+02 1.59734656016019e+02 1.20352979470572e+02
306 2.65928740527068e+02 1.63201505067729e+02 1.15608255516758e+02
307 2.96799561475992e+02 1.69304096922425e+02 1.06471229753779e+02
308 3.54084506432277e+02 -6.10120232259922e+01 1.90466619180031e+02
309 1.42246525421003e+02 1.82267273572700e+01 -1.99167734359368e+02
310 3.55382337013989e+02 -1.83750065136470e+02 -7.89678007946477e+01
311 3.53273559698366e+02 -2.25888413306194e+01 -1.98720266322638e+02
312 3.54412480489183e+02 2.33520540535839e+01 1.98632025543412e+02
313 3.53788821644855e+02 -1.01671550692431e+02 -1.72229195491927e+02
314 1.31625970315205e+02 1.31891870528188e+02 1.50348044511978e+02
315 3.53473556689474e+02 -9.90752928921088e+01 1.73735679520192e+02
316 1.45805410666744e+02 1.02549182867217e+02 -1.71708081036584e+02
317 3.35291466064770e+02 1.51040317946543e+02 -1.31098521557671e+02
318 2.47426285872310e+02 1.48616338015363e+02 -1.33840143734619e+02
319 3.53768361798581e+02 -1.60516734680385e+02 1.19307912091139e+02
320 3.53954715942647e+02 1.04136160476797e+02 1.70750285742516e+02
321 3.54228241115840e+02 -1.81777667954613e+02 8.34079098945808e+01
322 3.54540718469160e+02 -1.63174059175367e+02 -1.15646990502277e+02
323 2.89988031814135e+02 1.50672238785230e+02 -1.31521391641994e+02
324 1.41177624945291e+02 -2.54760786650111e+01 -1.98370787707904e+02
325 3.53218243056414e+02 -1.32534241088024e+02 1.49782091517048e+02
326 2.08113055458427e+02 1.48618434459604e+02 -1.33837815802472e+02
327 3.48887372730231e+02 1.24539301247564e+02 -1.56492691346172e+02
328 3.54185747734755e+02 6.41150769634890e+01 1.89444601152859e+02
329 3.55413794384195e+02 -1.96206887329114e+02 -3.87667043301376e+01
330 1.39061525684309e+02 1.02224103270534e+02 1.71901811248559e+02
331 3.54193762905265e+02 -1.94881836662423e+01 1.99048262231527e+02
332 3.32210807944389e+02 1.66498353314992e+02 1.10807483246377e+02
333 3.55296946097389e+02 -1.95001132736460e+02 4.44360015246387e+01
334 3.17462888170187e+02 -7.97190647121712e+01 1.83425381889794e+02
335 1.75910069452379e+02 -1.21400233268619e+02 -1.58940188002673e+02
336 1.75637785773184e+02 -1.51399511674431e+02 -1.30683540909878e+02
337 1.75621281212509e+02 -1.75774831574979e+02 -9.54107362134248e+01
338 1.75791948331997e+02 -1.91715611585152e+02 -5.69659922632028e+01
339 1.76174254683688e+02 -1.99426477038466e+02 -1.51353974518727e+01
340 1.76228081077408e+02 -1.98340972528479e+02 2.57071705260853e+01
341 1.76380506544329e+02 -1.89014732147712e+02 6.53714848472090e+01
342 1.76143503415155e+02 -1.71231773391350e+02 1.03342536166157e+02
343 1.76280783614189e+02 -1.46287171035220e+02 1.36382050103789e+02
344 1.75528080474292e+02 -1.14583521623879e+02 1.63922593233118e+02
345 1.75929109385469e+02 -7.90395753157916e+01 1.83719202953582e+02
346 1.76283338993049e+02 -3.84387382064164e+01 1.96271402412829e+02
347 1.76007678768795e+02 -4.67252998280023e+01 -1.94465283163816e+02
348 1.89178352605957e+02 8.46822105671832e+01 -1.81187536032298e+02
349 3.18733702867616e+02 4.35317623692277e+01 1.95204983709508e+02
350 1.73226263341019e+02 1.50908794606760e+02 -1.31249897944092e+02
351 3.18745384878644e+02 -1.71841633337440e+02 1.02325231746235e+02
352 3.54392014015242e+02 -1.35374422427420e+02 -1.47220126859212e+02
353 2.22514632625218e+02 1.19556639931260e+02 -1.60331562233850e+02
354 3.55279473936738e+02 -1.99985185003305e+02 2.43429233944929e+00
355 1.71886017099020e+02 1.27547701460346e+02 1.54050588613554e+02
356 1.78839148261380e+02 3.87709838658325e+01 -1.96206041726740e+02
357 2.15911597998954e+02 1.35924151355566e+02 1.46712729775807e+02
358 2.66167176587914e+02 1.37731850658436e+02 1.45017024221993e+02
359 3.05293821415985e+02 1.50202137195669e+02 1.32058009911756e+02
360 1.80791118501391e+02 1.24367896274399e+02 -1.56628944886571e+02
361 1.75781555889357e+02 -8.59434381245131e+01 -1.80592705952754e+02
362 3.17342706060670e+02 -4.01203643954216e+01 1.95934571632417e+02
363 1.75777432794620e+02 4.42656442410702e+01 1.95039874743405e+02
364 2.64957761051841e+02 1.21922676603605e+02 -1.58539777121745e+02
365 3.13813603153014e+02 1.21318846966585e+02 1.59002318758873e+02
366 1.75948271596099e+02 2.38664476868503e+00 1.99985759309877e+02
367 3.17877126615900e+02 2.41125514351781e+00 1.99985464093351e+02
368 1.77163762312163e+02 -3.88042815116343e+00 -1.99962352150008e+02
369 3.17762601055617e+02 -1.15996401788266e+02 1.62925856671601e+02
370 3.17114347750664e+02 -4.42453940625873e+01 -1.95044469555654e+02
371 3.18320214395689e+02 -1.46803964456310e+02 1.35825608851610e+02
372 3.17301082224899e+02 3.71796252475448e+01 -1.96513804773232e+02
373 3.19376082801885e+02 -1.74819996797594e+02 -9.71492085386655e+01
374 3.22785244593292e+02 1.02934285924210e+02 -1.71477499344004e+02
375 3.18430967155943e+02 8.40778980249314e+01 1.81468749551291e+02
376 3.19239422552723e+02 7.33028318502240e+01 -1.86082494724081e+02
377 1.75738476243015e+02 8.65184374646195e+01 1.80317941366578e+02
378 3.18971692550100e+02 -1.89003735953000e+02 6.54032705283801e+01
379 3.17378109828749e+02 -3.38540088407566e+00 -1.99971345599449e+02
380 3.19322484533280e+02 -1.91221974170981e+02 -5.86016774005049e+01
381 3.17228725079715e+02 -8.34434239261613e+01 -1.81761368292272e+02
382 2.11496429249805e+02 -1.64537229517383e+02 -1.13699164916652e+02
383 2.11750775254429e+02 -1.84690176062926e+02 -7.67433310838500e+01
384 2.11895638219399e+02 -1.96649147550919e+02 -3.64569988822021e+01
385 2.12041090190652e+02 -1.99928697945209e+02 5.34001291508757e+00
386 2.12085484269355e+02 -1.94709385703438e+02 4.56974301136291e+01
387 2.11970363233723e+02 -1.80860284082204e+02 8.53789063042175e+01
388 2.11901528922895e+02 -1.59761259117296e+02 1.20317663230534e+02
389 2.11492610416977e+02 -1.31926548127407e+02 1.50317616729334e+02
390 2.10913774874597e+02 -9.72726494520775e+01 1.74751342394195e+02
391 2.11288845849938e+02 -5.90601302796296e+01 1.91080875577210e+02
392 2.82625137761648e+02 -9.77027539386642e+01 1.74511237096070e+02
393 2.11675167538907e+02 -2.54587019579590e+01 -1.98373018565065e+02
394 2.11056929738705e+02 -6.60661086897980e+01 -1.88773062915734e+02
395 3.19738314524577e+02 -1.98545973201602e+02 2.40727340663429e+01
396 3.06787829286538e+02 1.26672623910357e+02 -1.54770948022118e+02
397 2.43092368495145e+02 8.32585186923905e+01 -1.81846141188503e+02
398 3.19867415417384e+02 -1.99218462500343e+02 -1.76636405930265e+01
399 2.44932105281943e+02 1.13936024982418e+02 1.64373301394131e+02
400 2.11018116450331e+02 -1.04514173712416e+02 -1.70519170456611e+02
401 2.10240536694120e+02 1.02752437619163e+02 1.71586527919065e+02
402 2.10895486318126e+02 -1.36874323866867e+02 -1.45826676112390e+02
403 2.82773950742594e+02 2.31233408507830e+01 1.98658780596022e+02
404 2.80723581654962e+02 1.02085142605193e+02 1.71984370392421e+02
405 2.82077333569448e+02 -5.98024055364460e+01 1.90849868462240e+02
406 2.82822070881608e+02 -1.31951365418243e+02 1.50295832158651e+02
407 2.12128973778497e+02 1.51599621709469e+01 -1.99424611186723e+02
408 3.18056508673694e+02 -1.20120018368147e+02 -1.59909915850256e+02
409 2.82945494333871e+02 -1.59916245516436e+02 1.20111591530239e+02
410 2.84128785574524e+02 -1.84267518826027e+02 -7.77526945237256e+01
411 2.11281741017275e+02 -1.85328242303077e+01 1.99139484849310e+02
412 3.18123582461329e+02 -1.50881919512192e+02 -1.31280792061582e+02
413 2.88026493610610e+02 9.52587508996533e+01 -1.75857244312078e+02
414 2.81746327064809e+02 -6.48071719173831e+01 -1.89208959798607e+02
415 2.82850832893665e+02 6.30930033304970e+01 1.89787441446314e+02
416 2.13722379414149e+02 5.37199958851028e+01 -1.92650362164478e+02
417 2.83313832666110e+02 -1.81293037278036e+02 8.44561106996100e+01
418 2.11057220299499e+02 2.28586407800345e+01 1.98689412253621e+02
419 2.80927244508844e+02 -2.46861369347905e+01 -1.98470639247312e+02
420 2.82005897789949e+02 5.78989768224606e+01 -1.91435912208008e+02
421 2.80992268876209e+02 1.70364397556850e+01 -1.99273078263098e+02
422 2.83239819966028e+02 -1.64144318384760e+02 -1.14265667380900e+02
423 2.82528800009966e+02 -1.89246933539959e+01 1.99102626756799e+02
424 2.46763404936780e+02 3.71044243219392e+01 -1.96528017584612e+02
425 2.47878901513343e+02 -1.91625864707109e+02 -5.72671631500345e+01
426 2.47920960261079e+02 -1.99397350189546e+02 -1.55144041905477e+01
427 2.47998874611062e+02 -1.98378387666851e+02 2.54168311695338e+01
428 2.46936743996910e+02 -1.71490670055119e+02 1.02912341747948e+02
429 2.46566916327452e+02 -1.46528398012982e+02 1.36122843695499e+02
430 2.11401370560023e+02 6.48936281653384e+01 1.89179325042508e+02
431 2.82154285754989e+02 -1.03092346416055e+02 -1.71382519850865e+02
432 2.47208417445003e+02 4.32553127515557e+01 1.95266428038117e+02
433 2.47404462616914e+02 -1.51606905912601e+02 -1.30442884357897e+02
434 2.46276726284260e+02 8.19230464309311e+01 1.82451677064026e+02
435 2.46538489124352e+02 -3.93324568326949e+01 1.96094257538318e+02
436 2.47828259674685e+02 -1.88990358928186e+02 6.54419149490259e+01
437 2.46643895999132e+02 -1.15605993077792e+02 1.63203107704778e+02
438 2.46836356133399e+02 -7.85534578168564e+01 1.83927578859222e+02
439 2.46302712281062e+02 -4.60086647049487e+00 -1.99947073066151e+02
440 2.47913128943387e+02 -1.75544197022245e+02 -9.58344139222195e+01
441 2.84311008466610e+02 -1.96462033197959e+02 -3.74522297296736e+01
442 2.83149353882701e+02 -1.94752378913294e+02 4.55138540184512e+01
443 2.46538944407644e+02 1.97031680782241e+00 1.99990294393695e+02
444 2.83496052891160e+02 -1.99956326977792e+02 4.17939009308001e+00
445 2.46173257716434e+02 -8.49612798411881e+01 -1.81056844465343e+02
446 2.82626847579667e+02 -1.37199691574722e+02 -1.45520598651191e+02
447 2.46243239515691e+02 -4.57418877610589e+01 -1.94698946335245e+02
448 2.46255029082319e+02 -1.21035736245818e+02 -1.59217934138818e+02
1 203 32 2 61 
2 203 33 32 72 
3 203 34 33 73 
4 203 33 72 73 
5 203 35 34 74 
6 203 34 73 74 
7 203 36 35 75 
8 203 35 74 75 
9 203 37 36 76 
10 203 36 75 76 
11 203 38 37 77 
12 203 37 76 77 
13 203 39 38 78 
14 203 38 77 78 
15 203 40 39 79 
16 203 39 78 79 
17 203 41 40 80 
18 203 40 79 80 
19 203 42 41 81 
20 203 41 80 81 
21 203 43 42 82 
22 203 42 81 82 
23 203 44 43 83 
24 203 43 82 83 
25 203 45 44 84 
26 203 44 83 84 
27 203 46 45 85 
28 203 45 84 85 
29 203 47 46 86 
30 203 46 85 86 
31 203 48 47 87 
32 203 47 86 87 
33 203 49 48 88 
34 203 48 87 88 
35 203 50 49 89 
36 203 49 88 89 
37 203 51 50 90 
38 203 50 89 90 
39 203 52 51 91 
40 203 51 90 91 
41 203 53 52 92 
42 203 52 91 92 
43 203 54 53 93 
44 203 53 92 93 
45 203 55 54 94 
46 203 54 93 94 
47 203 56 55 95 
48 203 55 94 95 
49 203 57 56 96 
50 203 56 95 96 
51 203 58 57 97 
52 203 57 96 97 
53 203 59 58 98 
54 203 58 97 98 
55 203 60 59 99 
56 203 59 98 99 
57 203 2 60 100 
58 203 61 2 100 
59 203 60 99 100 
60 203 1 3 71 
61 203 3 4 101 
62 203 5 6 102 
63 203 7 8 103 
64 203 9 10 104 
65 203 11 12 105 
66 203 13 14 106 
67 203 15 16 107 
68 203 17 18 108 
69 203 19 20 109 
70 203 21 22 110 
71 203 23 24 111 
72 203 25 26 112 
73 203 27 28 113 
74 203 29 30 114 
75 203 31 1 71 
76 203 61 62 115 
77 203 63 64 116 
78 203 65 66 117 
79 203 67 68 118 
80 203 69 70 119 
81 203 62 61 120 
82 203 61 100 120 
83 203 63 62 121 
84 203 62 120 121 
85 203 64 63 122 
86 203 63 121 122 
87 203 65 64 123 
88 203 64 122 123 
89 203 66 65 124 
90 203 65 123 124 
91 203 67 66 125 
92 203 66 124 125 
93 203 68 67 126 
94 203 67 125 126 
95 203 69 68 127 
96 203 68 126 127 
97 203 70 69 128 
98 203 69 127 128 
99 203 71 70 128 
100 203 32 61 115 
101 203 71 3 101 
102 203 31 71 129 
103 203 30 31 129 
104 203 71 128 129 
105 203 72 32 115 
106 203 103 8 130 
107 203 8 9 130 
108 203 101 4 131 
109 203 4 5 131 
110 203 5 102 131 
111 203 6 7 132 
112 203 9 104 130 
113 203 10 11 133 
114 203 12 13 134 
115 203 14 15 135 
116 203 16 17 136 
117 203 18 19 137 
118 203 20 21 138 
119 203 22 23 139 
120 203 24 25 140 
121 203 26 27 141 
122 203 28 29 142 
123 203 136 17 108 
124 203 135 15 107 
125 203 62 63 143 
126 203 63 116 143 
127 203 64 65 144 
128 203 66 67 145 
129 203 68 69 146 
130 203 70 71 147 
131 203 30 129 114 
132 203 102 6 132 
133 203 139 23 111 
134 203 138 21 110 
135 203 137 19 109 
136 203 104 10 133 
137 203 105 12 134 
138 203 106 14 135 
139 203 107 16 136 
140 203 108 18 137 
141 203 109 20 138 
142 203 110 22 139 
143 203 111 24 140 
144 203 112 26 141 
145 203 113 28 142 
146 203 116 64 144 
147 203 117 66 145 
148 203 118 68 146 
149 203 119 70 147 
150 203 140 25 112 
151 203 141 27 113 
152 203 142 29 114 
153 203 146 69 119 
154 203 134 13 106 
155 203 132 7 103 
156 203 133 11 105 
157 203 62 143 115 
158 203 145 67 118 
159 203 144 65 117 
160 203 105 134 148 
161 203 129 128 149 
162 203 74 73 150 
163 203 75 74 151 
164 203 74 150 151 
165 203 76 75 152 
166 203 75 151 152 
167 203 77 76 153 
168 203 78 77 154 
169 203 77 153 154 
170 203 79 78 155 
171 203 78 154 155 
172 203 80 79 156 
173 203 79 155 156 
174 203 81 80 157 
175 203 80 156 157 
176 203 82 81 158 
177 203 81 157 158 
178 203 83 82 159 
179 203 82 158 159 
180 203 84 83 160 
181 203 83 159 160 
182 203 85 84 161 
183 203 84 160 161 
184 203 86 85 162 
185 203 85 161 162 
186 203 87 86 163 
187 203 86 162 163 
188 203 88 87 164 
189 203 87 163 164 
190 203 89 88 165 
191 203 88 164 165 
192 203 90 89 166 
193 203 89 165 166 
194 203 91 90 167 
195 203 90 166 167 
196 203 92 91 168 
197 203 91 167 168 
198 203 93 92 169 
199 203 92 168 169 
200 203 94 93 170 
201 203 93 169 170 
202 203 95 94 171 
203 203 94 170 171 
204 203 96 95 172 
205 203 97 96 173 
206 203 96 172 173 
207 203 98 97 174 
208 203 97 173 174 
209 203 99 98 175 
210 203 98 174 175 
211 203 100 99 176 
212 203 120 100 176 
213 203 99 175 176 
214 203 139 111 177 
215 203 131 102 178 
216 203 133 105 179 
217 203 105 148 179 
218 203 130 104 180 
219 203 101 131 181 
220 203 131 178 181 
221 203 115 143 182 
222 203 106 135 183 
223 203 132 103 184 
224 203 107 136 185 
225 203 108 137 186 
226 203 135 107 187 
227 203 107 185 187 
228 203 109 138 188 
229 203 104 133 189 
230 203 180 104 189 
231 203 133 179 189 
232 203 110 139 190 
233 203 137 109 191 
234 203 186 137 191 
235 203 109 188 191 
236 203 138 110 192 
237 203 188 138 192 
238 203 110 190 192 
239 203 112 141 193 
240 203 113 142 194 
241 203 116 144 195 
242 203 146 119 196 
243 203 136 108 197 
244 203 185 136 197 
245 203 108 186 197 
246 203 143 116 198 
247 203 182 143 198 
248 203 116 195 198 
249 203 145 118 199 
250 203 72 115 182 
251 203 117 145 200 
252 203 145 199 200 
253 203 118 146 201 
254 203 199 118 201 
255 203 146 196 201 
256 203 144 117 202 
257 203 195 144 202 
258 203 117 200 202 
259 203 134 106 203 
260 203 148 134 203 
261 203 106 183 203 
262 203 140 112 204 
263 203 112 193 204 
264 203 103 130 205 
265 203 130 180 205 
266 203 114 129 149 
267 203 121 120 206 
268 203 120 176 206 
269 203 122 121 207 
270 203 121 206 207 
271 203 123 122 208 
272 203 122 207 208 
273 203 124 123 209 
274 203 123 208 209 
275 203 125 124 210 
276 203 124 209 210 
277 203 126 125 211 
278 203 125 210 211 
279 203 127 126 212 
280 203 126 211 212 
281 203 128 127 149 
282 203 71 101 147 
283 203 73 72 182 
284 203 102 132 213 
285 203 178 102 213 
286 203 132 184 213 
287 203 147 101 181 
288 203 76 152 153 
289 203 95 171 172 
290 203 139 177 190 
291 203 103 205 184 
292 203 147 181 119 
293 203 150 73 182 
294 203 135 187 183 
295 203 193 141 214 
296 203 141 113 214 
297 203 111 140 215 
298 203 194 142 216 
299 203 142 114 216 
300 203 113 194 214 
301 203 111 215 177 
302 203 114 149 216 
303 203 196 119 181 
304 203 215 140 204 
305 203 152 151 217 
306 203 172 171 218 
307 203 155 154 219 
308 203 156 155 220 
309 203 155 219 220 
310 203 157 156 221 
311 203 156 220 221 
312 203 158 157 222 
313 203 157 221 222 
314 203 159 158 223 
315 203 158 222 223 
316 203 160 159 224 
317 203 159 223 224 
318 203 161 160 225 
319 203 160 224 225 
320 203 162 161 226 
321 203 161 225 226 
322 203 163 162 227 
323 203 162 226 227 
324 203 164 163 228 
325 203 163 227 228 
326 203 165 164 229 
327 203 164 228 229 
328 203 166 165 230 
329 203 165 229 230 
330 203 167 166 231 
331 203 166 230 231 
332 203 168 167 232 
333 203 167 231 232 
334 203 169 168 233 
335 203 168 232 233 
336 203 170 169 234 
337 203 169 233 234 
338 203 171 170 235 
339 203 170 234 235 
340 203 190 177 236 
341 203 174 173 237 
342 203 175 174 238 
343 203 174 237 238 
344 203 176 175 239 
345 203 206 176 239 
346 203 175 238 239 
347 203 173 172 240 
348 203 237 173 240 
349 203 172 218 240 
350 203 184 205 241 
351 203 153 152 242 
352 203 152 217 242 
353 203 196 181 243 
354 203 181 178 243 
355 203 177 215 244 
356 203 194 216 245 
357 203 214 194 246 
358 203 194 245 246 
359 203 200 199 247 
360 203 204 193 248 
361 203 150 182 249 
362 203 182 198 249 
363 203 207 206 250 
364 203 206 239 250 
365 203 208 207 251 
366 203 207 250 251 
367 203 209 208 252 
368 203 208 251 252 
369 203 210 209 253 
370 203 209 252 253 
371 203 211 210 254 
372 203 210 253 254 
373 203 212 211 255 
374 203 211 254 255 
375 203 187 185 256 
376 203 215 204 257 
377 203 244 215 257 
378 203 204 248 257 
379 203 193 214 258 
380 203 248 193 258 
381 203 214 246 258 
382 203 179 148 259 
383 203 183 187 260 
384 203 187 256 260 
385 203 127 212 149 
386 203 184 241 261 
387 203 171 235 218 
388 203 184 261 213 
389 203 236 177 244 
390 203 154 153 262 
391 203 259 148 263 
392 203 148 203 263 
393 203 153 242 262 
394 203 151 150 249 
395 203 202 200 264 
396 203 200 247 264 
397 203 196 243 201 
398 203 188 192 265 
399 203 151 249 217 
400 203 149 212 266 
401 203 149 266 216 
402 203 180 189 267 
403 203 191 188 268 
404 203 188 265 268 
405 203 186 191 269 
406 203 191 268 269 
407 203 203 183 270 
408 203 263 203 270 
409 203 183 260 270 
410 203 179 259 271 
411 203 241 205 272 
412 203 199 201 273 
413 203 247 199 273 
414 203 201 243 273 
415 203 195 202 274 
416 203 202 264 274 
417 203 178 213 275 
418 203 243 178 275 
419 203 213 261 275 
420 203 219 154 262 
421 203 205 180 272 
422 203 256 185 276 
423 203 185 197 276 
424 203 197 186 277 
425 203 276 197 277 
426 203 186 269 277 
427 203 189 179 271 
428 203 192 190 278 
429 203 265 192 278 
430 203 190 236 278 
431 203 198 195 279 
432 203 249 198 279 
433 203 195 274 279 
434 203 180 267 272 
435 203 216 266 245 
436 203 261 241 280 
437 203 218 235 281 
438 203 271 259 282 
439 203 221 220 283 
440 203 222 221 284 
441 203 221 283 284 
442 203 223 222 285 
443 203 222 284 285 
444 203 224 223 286 
445 203 223 285 286 
446 203 225 224 287 
447 203 224 286 287 
448 203 226 225 288 
449 203 225 287 288 
450 203 227 226 289 
451 203 226 288 289 
452 203 228 227 290 
453 203 227 289 290 
454 203 229 228 291 
455 203 228 290 291 
456 203 230 229 292 
457 203 229 291 292 
458 203 231 230 293 
459 203 230 292 293 
460 203 232 231 294 
461 203 231 293 294 
462 203 233 232 295 
463 203 232 294 295 
464 203 234 233 296 
465 203 233 295 296 
466 203 235 234 297 
467 203 281 235 297 
468 203 234 296 297 
469 203 262 242 298 
470 203 246 245 299 
471 203 217 249 300 
472 203 272 267 301 
473 203 267 189 271 
474 203 241 272 302 
475 203 280 241 302 
476 203 272 301 302 
477 203 250 239 303 
478 203 239 238 303 
479 203 251 250 304 
480 203 250 303 304 
481 203 252 251 305 
482 203 251 304 305 
483 203 253 252 306 
484 203 252 305 306 
485 203 254 253 307 
486 203 253 306 307 
487 203 236 244 308 
488 203 219 262 309 
489 203 260 256 310 
490 203 267 271 311 
491 203 301 267 311 
492 203 271 282 311 
493 203 257 248 312 
494 203 249 279 300 
495 203 262 298 309 
496 203 282 259 313 
497 203 259 263 313 
498 203 237 240 314 
499 203 236 308 315 
500 203 242 217 316 
501 203 273 243 317 
502 203 243 275 317 
503 203 264 247 318 
504 203 268 265 319 
505 203 217 300 316 
506 203 303 238 237 
507 203 258 246 320 
508 203 246 299 320 
509 203 303 237 314 
510 203 269 268 321 
511 203 268 319 321 
512 203 270 260 322 
513 203 260 310 322 
514 203 247 273 323 
515 203 318 247 323 
516 203 273 317 323 
517 203 220 219 324 
518 203 319 265 325 
519 203 265 278 325 
520 203 274 264 326 
521 203 264 318 326 
522 203 275 261 327 
523 203 317 275 327 
524 203 261 280 327 
525 203 248 258 328 
526 203 258 320 328 
527 203 310 256 329 
528 203 256 276 329 
529 203 240 218 330 
530 203 314 240 330 
531 203 218 281 330 
532 203 308 244 331 
533 203 244 257 331 
534 203 255 254 332 
535 203 277 269 333 
536 203 269 321 333 
537 203 219 309 324 
538 203 312 248 328 
539 203 278 236 315 
540 203 283 220 324 
541 203 298 242 316 
542 203 245 266 299 
543 203 257 312 331 
544 203 315 308 334 
545 203 285 284 335 
546 203 286 285 336 
547 203 285 335 336 
548 203 287 286 337 
549 203 286 336 337 
550 203 288 287 338 
551 203 287 337 338 
552 203 289 288 339 
553 203 288 338 339 
554 203 290 289 340 
555 203 289 339 340 
556 203 291 290 341 
557 203 290 340 341 
558 203 292 291 342 
559 203 291 341 342 
560 203 293 292 343 
561 203 292 342 343 
562 203 294 293 344 
563 203 293 343 344 
564 203 295 294 345 
565 203 294 344 345 
566 203 296 295 346 
567 203 295 345 346 
568 203 266 212 255 
569 203 283 324 347 
570 203 299 266 332 
571 203 278 315 325 
572 203 298 316 348 
573 203 312 328 349 
574 203 279 274 350 
575 203 254 307 332 
576 203 321 319 351 
577 203 263 270 352 
578 203 313 263 352 
579 203 270 322 352 
580 203 326 318 353 
581 203 276 277 354 
582 203 277 333 354 
583 203 304 303 355 
584 203 303 314 355 
585 203 309 298 356 
586 203 305 304 357 
587 203 304 355 357 
588 203 306 305 358 
589 203 305 357 358 
590 203 307 306 359 
591 203 332 307 359 
592 203 306 358 359 
593 203 350 274 326 
594 203 266 255 332 
595 203 299 332 359 
596 203 279 350 300 
597 203 300 350 360 
598 203 316 300 360 
599 203 350 326 360 
600 203 284 283 361 
601 203 283 347 361 
602 203 316 360 348 
603 203 334 308 362 
604 203 308 331 362 
605 203 281 297 363 
606 203 353 318 364 
607 203 318 323 364 
608 203 299 359 365 
609 203 320 299 365 
610 203 359 358 365 
611 203 297 296 366 
612 203 363 297 366 
613 203 296 346 366 
614 203 331 312 367 
615 203 362 331 367 
616 203 312 349 367 
617 203 347 324 368 
618 203 324 309 368 
619 203 315 334 369 
620 203 325 315 369 
621 203 309 356 368 
622 203 360 326 353 
623 203 311 282 370 
624 203 351 319 371 
625 203 319 325 371 
626 203 302 301 372 
627 203 322 310 373 
628 203 314 330 355 
629 203 298 348 356 
630 203 276 354 329 
631 203 327 280 374 
632 203 328 320 375 
633 203 349 328 375 
634 203 320 365 375 
635 203 280 302 376 
636 203 374 280 376 
637 203 302 372 376 
638 203 330 281 377 
639 203 281 363 377 
640 203 333 321 378 
641 203 321 351 378 
642 203 284 361 335 
643 203 301 311 379 
644 203 372 301 379 
645 203 311 370 379 
646 203 373 310 380 
647 203 310 329 380 
648 203 370 282 381 
649 203 282 313 381 
650 203 360 353 348 
651 203 337 336 382 
652 203 338 337 383 
653 203 337 382 383 
654 203 339 338 384 
655 203 338 383 384 
656 203 340 339 385 
657 203 339 384 385 
658 203 341 340 386 
659 203 340 385 386 
660 203 342 341 387 
661 203 341 386 387 
662 203 343 342 388 
663 203 342 387 388 
664 203 344 343 389 
665 203 343 388 389 
666 203 345 344 390 
667 203 344 389 390 
668 203 346 345 391 
669 203 345 390 391 
670 203 369 334 392 
671 203 325 369 371 
672 203 347 368 393 
673 203 361 347 394 
674 203 347 393 394 
675 203 354 333 395 
676 203 333 378 395 
677 203 355 330 377 
678 203 323 317 396 
679 203 364 323 396 
680 203 317 327 396 
681 203 348 353 397 
682 203 327 374 396 
683 203 329 354 398 
684 203 380 329 398 
685 203 354 395 398 
686 203 358 357 399 
687 203 335 361 400 
688 203 361 394 400 
689 203 357 355 401 
690 203 399 357 401 
691 203 355 377 401 
692 203 336 335 402 
693 203 382 336 402 
694 203 335 400 402 
695 203 367 349 403 
696 203 353 364 397 
697 203 365 358 404 
698 203 375 365 404 
699 203 358 399 404 
700 203 392 334 405 
701 203 334 362 405 
702 203 371 369 406 
703 203 369 392 406 
704 203 393 368 407 
705 203 368 356 407 
706 203 381 313 408 
707 203 313 352 408 
708 203 351 371 409 
709 203 371 406 409 
710 203 373 380 410 
711 203 366 346 411 
712 203 346 391 411 
713 203 322 373 412 
714 203 396 374 413 
715 203 364 396 413 
716 203 374 376 413 
717 203 370 381 414 
718 203 349 375 415 
719 203 403 349 415 
720 203 375 404 415 
721 203 356 348 416 
722 203 348 397 416 
723 203 378 351 417 
724 203 351 409 417 
725 203 363 366 418 
726 203 366 411 418 
727 203 379 370 419 
728 203 370 414 419 
729 203 352 322 412 
730 203 356 416 407 
731 203 376 372 420 
732 203 372 379 421 
733 203 420 372 421 
734 203 379 419 421 
735 203 412 373 422 
736 203 373 410 422 
737 203 397 364 413 
738 203 362 367 423 
739 203 367 403 423 
740 203 407 416 424 
741 203 384 383 425 
742 203 385 384 426 
743 203 384 425 426 
744 203 386 385 427 
745 203 385 426 427 
746 203 388 387 428 
747 203 376 420 413 
748 203 409 406 429 
749 203 363 418 430 
750 203 414 381 431 
751 203 377 363 430 
752 203 416 397 424 
753 203 430 418 432 
754 203 352 412 408 
755 203 377 430 401 
756 203 382 402 433 
757 203 404 399 434 
758 203 415 404 434 
759 203 399 401 434 
760 203 411 391 435 
761 203 430 432 434 
762 203 388 428 429 
763 203 387 386 436 
764 203 389 388 429 
765 203 390 389 437 
766 203 391 390 438 
767 203 393 407 439 
768 203 406 392 437 
769 203 429 406 437 
770 203 401 430 434 
771 203 392 405 438 
772 203 381 408 431 
773 203 383 382 440 
774 203 410 380 441 
775 203 395 378 442 
776 203 425 383 440 
777 203 362 423 405 
778 203 439 407 424 
779 203 380 398 441 
780 203 403 415 432 
781 203 432 418 443 
782 203 403 432 443 
783 203 418 411 443 
784 203 398 395 444 
785 203 441 398 444 
786 203 395 442 444 
787 203 417 409 428 
788 203 400 394 445 
789 203 437 392 438 
790 203 428 409 429 
791 203 382 433 440 
792 203 408 412 446 
793 203 431 408 446 
794 203 412 422 446 
795 203 436 386 427 
796 203 422 410 440 
797 203 420 421 424 
798 203 394 393 447 
799 203 390 437 438 
800 203 387 436 428 
801 203 389 429 437 
802 203 393 439 447 
803 203 442 378 417 
804 203 410 441 425 
805 203 403 443 423 
806 203 445 394 447 
807 203 440 410 425 
808 203 420 424 397 
809 203 420 397 413 
810 203 415 434 432 
811 203 445 447 414 
812 203 414 447 419 
813 203 445 414 431 
814 203 419 447 439 
815 203 438 405 435 
816 203 422 440 433 
817 203 427 426 444 
818 203 438 435 391 
819 203 425 441 426 
820 203 424 421 439 
821 203 411 435 443 
822 203 423 443 435 
823 203 417 428 436 
824 203 436 427 442 
825 203 402 400 448 
826 203 419 439 421 
827 203 423 435 405 
828 203 436 442 417 
829 203 433 402 448 
830 203 400 445 448 
831 203 445 431 448 
832 203 422 433 446 
833 203 426 441 444 
834 203 448 431 446 
835 203 442 427 444 
836 203 433 448 446 
